37 
7 
9 
7 
50000 
13.1 
3.7 
100 
1 
1500 
29 
216.83 246.78 171.9 194.53 194.95 211.25 211.42 248 178.58 221.32 203.24 185.48 163.13 182.14 237.44 246.8 161.46 250 247 138.63 190.7 220.17 219.73 249 220.07 217.84 192.87 171.24 249.26 247 234.91 221.39 245.07 249.91 235.4 248 245.73 
1 1 1 1 1 1 1 1 1 1 1 1 1 1 1 1 1 1 1 1 1 1 1 1 1 1 1 1 1 1 1 1 1 1 1 1 1 
3 3 3 3 3 3 3 3 3 3 3 3 3 3 3 3 3 3 3 3 3 3 3 3 3 3 3 3 3 3 3 3 3 3 3 3 3 
6 9 17 23 29                                 
15 18                                    
6 9 17 23 29                                 
15 18                                    
6 9 17 23 29                                 
15 18                                    
14 22 26 30                                  
6 19 21                                   
14 22 26 30                                  
0 25.1 14.1 14.8 9.1 4.7 30.9 2 4.5 2.9 8.2 15.2 15 15.5 7.7 7 3.9 8.8 19.5 21 21 20.2 15 7 14.1 20.1 16.1 17.2 5 10 8.1 7.2 9 14 11.8 6 28.2 
24.7 0 19.9 12.8 13.8 22.5 8.2 25.9 28.2 6.4 11.3 20.9 20.8 21.3 6 2.3 7.4 32.6 27.3 10.9 10.9 10 11.5 5.4 13.5 14.6 10.6 9.7 6.3 25.8 1.2 5.6 14 20.7 27.6 21.8 5.5 
14.1 20.2 0 10 7 7.4 26.1 12.1 9.6 16.1 9.4 4.4 6.2 6.7 15 18.4 17.2 14 10.6 16.2 16.2 15.3 10.2 16.4 9.3 15.3 11.3 12.4 12.2 7.2 17.5 20.6 8.1 5.2 9 11.2 23.4 
14.8 12.8 10 0 0.53 12.6 18.7 15.9 18.3 14.1 1.9 11 10.8 11.3 7.6 11 15 22.7 15.3 7.7 8.8 6.8 4.9 8.9 4 10 6 6.5 9.9 15.8 10.1 13.2 1.1 9.8 17.6 11.8 16 
9.9 13.8 7 0.53 0 7.7 19.7 11 15.4 11.9 2.3 8.1 7.9 8.4 8.6 12 12.9 19.8 12.4 8.7 9.8 7.8 5.9 9.9 5 11 7 7.5 7.9 12.9 11 14.2 1.1 6.9 14.7 6.9 17 
4.7 22.9 7.4 12.6 7.7 0 28.7 5.9 5.7 6.7 6 8.5 10.4 10.8 5.5 21 7.8 10.1 14.8 18.8 18.8 18 12.8 4.8 11.9 17.9 13.9 15 2.8 3.3 20.1 23.2 6.8 9.3 5.1 3.8 26 
30.6 8.2 25.8 18.7 19.7 28.4 0 31.8 34.1 10.2 17.1 26.8 26.7 27.2 18 21.3 11.1 38.5 33.1 16.7 16.7 15.9 17.3 19.3 19.3 20.5 16.5 15.6 20.2 31.7 20.4 6.4 19.8 26.5 33.4 27.6 3.4 
2 31.1 12.1 15.9 11 5.9 36.9 0 2.5 4 9.4 13.3 15.1 15.6 8.9 8.2 5.1 6.8 19.5 27 27 26.2 21 8.2 20.1 26.1 22.1 23.2 6.2 8 9.3 8.3 10.1 14.1 9.8 7.1 34.2 
4.5 28.6 9.6 18.3 15.4 5.7 34.4 2.5 0 4.5 17.7 10.8 12.6 13.1 23.4 26.7 5.6 4.4 17 24.5 24.5 23.7 18.5 24.7 17.6 23.6 19.6 20.7 8.5 5.5 25.8 28.9 16.4 11.6 7.3 9.5 31.7 
2.9 6.4 16.1 14.1 11.9 6.7 24.4 4 4.5 0 10.2 17.2 17 17.5 8.8 4.1 1.9 8.8 21.5 15.4 15.4 14.5 14.1 8.2 14.1 19.1 15.1 14.2 7 10 5.2 4.3 11 16 11.8 8 21.7 
8.2 11.3 9.4 1.9 2.3 6 17.1 9.4 17.7 10.2 0 10.4 10.2 10.7 5.6 8.9 11.3 22.1 14.7 8.2 8.1 7.3 10.2 6.9 9.3 11.9 7.9 7 6.3 15.3 8 11.1 1.9 9.2 17 5.2 14.4 
15 21.1 4.4 10.9 7.9 8.5 27 13.3 10.8 17.1 10.3 0 3.1 3.6 15.9 19.3 23.3 15.2 7.6 17.1 17.1 16.2 11.1 17.3 10.2 16.2 12.2 13.3 13.1 8.3 18.4 21.5 9 4.1 10.1 12.1 24.3 
15 21.1 6.2 10.8 7.9 10.4 27 15.1 12.6 17 10.2 3.2 0 1.6 15.9 19.3 18.1 17 4.5 17.1 17.1 16.2 11.1 17.3 10.2 16.2 12.2 13.3 13.1 10.1 18.4 21.5 9 4.1 11.9 12.1 24.3 
15.5 21.6 6.7 11.3 8.4 10.8 27.5 15.6 13.1 17.5 10.7 3.7 1.6 0 16.4 19.8 23.8 17.5 4.1 17.6 17.6 16.7 11.5 17.8 10.7 16.7 12.7 13.8 13.6 10.6 18.9 22 9.5 4.6 12.4 12.6 24.8 
7.7 6 14.7 7.6 8.6 5.5 18 8.9 23 8.8 5.6 15.8 15.6 16.1 0 5.8 9.8 27.4 22.1 9 9 8.1 7.7 1.7 7.7 12.7 8.7 7.8 2.7 20.6 4.8 8 8.7 15.5 22.4 16.6 15.3 
7 2.3 18.1 11 12 20.7 21.3 8.2 26.4 4.1 8.9 19.1 19 19.5 5.8 0 5.1 30.8 25.4 12.3 12.3 11.5 11 5.1 11 16.1 12.1 11.2 6 24 2.2 3.3 12.1 18.8 25.8 20 18.6 
3.9 7.4 17.2 15 12.9 7.8 25.3 5.1 5.6 1.9 11.3 18.2 18.1 18.6 9.8 5.1 0 9.8 22.5 16.4 16.3 15.5 15 9.1 15 20.1 16.1 15.2 8.1 11.1 6.2 3.3 12 17.1 12.8 9 22.6 
8.8 33 14 22.7 19.8 10.1 38.8 6.8 4.4 8.8 22.1 15.2 17 17.5 27.8 31.1 9.8 0 21.4 28.9 28.9 28.1 22.9 29.1 22 28 24 25.1 12.9 9.9 30.2 33.3 20.8 16 11.7 13.9 36.1 
19.5 27.6 10.6 15.3 12.4 14.8 33.4 19.5 17 28.8 14.7 7.7 4.5 4.1 22.4 25.8 29.8 21.4 0 23.6 23.5 22.7 15.5 23.7 16.8 20.7 16.6 22.4 17.5 14.6 24.8 28 13.5 8.6 16.4 16.5 30.7 
21 10.9 16.2 7.7 8.7 18.8 16.7 22.1 24.5 15.4 8.2 17.2 17 17.5 9 12.3 16.4 28.9 23.5 0 2.5 2.9 6.3 10.3 8.3 9.5 5.5 4.6 11.3 22 11.4 14.6 8.8 16.9 23.8 18 14 
22.4 12.4 17.6 9.2 10.1 20.2 18.2 23.6 25.9 16.9 9.6 18.7 18.5 19 10.5 13.8 17.8 30.3 25 2.5 0 4.3 7.8 11.8 9.8 10.9 6.9 6 12.7 23.5 12.9 16 10.3 18.4 25.3 19.5 15.5 
20.1 10 15.3 6.8 7.8 17.9 15.9 21.3 23.6 14.5 7.3 16.3 16.2 16.7 8.1 11.5 15.5 28 22.6 2.9 4.3 0 5.4 9.4 7.5 8.6 4.6 3.7 10.4 21.2 10.6 13.7 7.9 16 22.9 17.1 13.2 
15 11.5 10.2 4.9 5.9 12.8 17.3 16.1 18.5 14.1 10.2 11.2 11.1 11.5 7.7 11 15 22.9 15.5 6.3 7.4 5.4 0 9 2.9 6 2 3.1 9.9 16.1 10.1 13.2 6 10 17.8 12 14.6 
7 5.4 16.1 8.9 9.9 4.8 19.3 8.2 24.4 8.2 6.9 17.1 17 17.5 1.7 5.1 9.1 28.8 23.4 10.3 10.3 9.4 9 0 9 14 10 9.1 2 22 4.2 7.3 10.1 16.8 23.7 6.1 16.6 
14.1 13.5 9.3 4 5 11.9 19.3 15.3 17.6 14.1 9.3 10.3 10.2 10.7 7.7 11 15 22 14.6 8.3 9.4 7.5 2.9 9 0 8.1 4.1 5.2 10 15.2 10.1 13.2 5.1 9.2 16.9 11.1 16.6 
20.1 14.6 15.3 10 11 17.9 20.5 21.3 23.6 19.1 11.9 16.3 16.2 16.7 12.7 16.1 20.1 28 20.7 9.5 10.5 8.6 6 14 8.1 0 4 6.3 15 21.2 15.1 18.3 11.2 15.2 23 17.2 17.7 
16.1 10.6 11.3 6 7 13.9 16.5 17.3 19.6 15.1 7.9 12.3 12.2 12.7 8.7 12.1 16.1 24 16.6 5.5 6.5 4.6 2 10 4.1 4 0 2.3 11 17.2 11.1 14.3 7.2 11.2 19 13.2 13.7 
17.2 9.7 12.4 6.5 7.5 15 15.6 18.4 20.7 14.2 7 13.4 13.3 13.8 7.8 11.2 15.2 25.1 22.3 4.6 5.6 3.7 3.1 9.1 5.2 6.3 2.3 0 10.1 18.3 10.2 13.4 7.6 15.7 20.1 14.3 12.8 
5 6.3 12.2 9.9 7.9 2.8 20.2 6.2 8.5 7 6.3 13.2 13.1 13.6 2.7 6 8.1 12.9 17.5 11.3 11.2 10.4 9.9 2 10 15 11 10.1 0 6.1 5.1 8.2 7 12.1 7.9 4 17.5 
10 26.1 7.2 15.8 12.9 3.3 32 8 5.5 10 15.3 8.3 10.1 10.6 20.9 24.3 11.1 9.9 14.6 22.1 22.1 21.2 16.1 22.3 15.2 21.2 17.2 18.3 6.1 0 23.4 26.5 14 9.1 2.9 7.1 29.3 
8.1 1.2 17.2 10.1 11 19.8 20.4 9.3 25.5 5.2 8 18.2 18.1 18.6 4.8 2.2 6.2 29.9 24.5 11.4 11.4 10.6 10.1 4.2 10.1 15.1 11.1 10.2 5.1 23.1 0 4.4 11.2 17.9 24.8 19 17.7 
7.2 5.6 20.3 13.2 14.2 22.9 6.4 8.3 28.6 4.3 11.1 21.3 21.2 21.7 8 3.3 3.3 33 27.6 14.6 14.5 13.7 13.2 7.3 13.2 18.3 14.3 13.4 8.2 26.2 4.4 0 14.3 21 28 22.2 3.6 
9 14 8.1 1.1 1.1 6.8 19.8 10.1 16.4 11 1.9 9.2 9 9.5 8.7 12.1 12 20.8 13.5 8.8 9.9 8 6 10.1 5.1 11.2 7.2 7.6 7 14 11.2 14.3 0 8 15.8 6 17.1 
14 21.2 5.2 9.8 6.9 9.3 27.1 14.1 11.6 22.4 9.2 4.2 4.1 4.6 16 19.4 23.4 16 8.6 17.2 17.2 16.3 10 17.3 9.2 15.2 11.2 16 12.1 9.1 18.4 21.6 8 0 10.9 11.1 24.3 
11.8 27.9 9 17.6 14.7 5.1 33.7 9.8 15 11.8 17 10.1 11.9 12.4 22.7 26.1 12.8 12.7 16.4 23.9 23.9 23 17.8 24 16.9 23 19 20.1 7.9 2.9 25.1 28.3 15.8 10.9 0 8.8 31 
6 22.1 11.2 11.8 6.9 3.8 27.9 7.1 9.5 8 5.2 12.2 12.1 12.6 16.9 20.3 9 13.9 16.5 18.1 18 17.2 12 6.1 11.1 17.2 13.2 14.3 4 7.1 19.3 22.5 6 11.1 8.8 0 25.2 
27.9 5.5 23.1 16 17 25.7 3.4 29 31.4 7.5 14.4 24.1 23.9 24.4 15.3 18.6 8.4 35.8 30.4 14 14 13.2 14.6 16.6 16.6 17.7 13.7 12.8 17.5 29 17.7 3.6 17.1 23.8 30.7 24.9 0 
